# z (m)    phi(xc,yc,z) (V)
-1.999999999999999909e-07 4.274824549970954857e-06
-1.989999999999999952e-07 6.057889756989331682e-05
-1.979999999999999995e-07 1.168829705898156822e-04
-1.970000000000000038e-07 1.731870436097379391e-04
-1.959999999999999816e-07 2.294911166296620256e-04
-1.949999999999999859e-07 2.857951896495844316e-04
-1.939999999999999902e-07 3.420992626695069732e-04
-1.929999999999999944e-07 3.984033356894292979e-04
-1.919999999999999987e-07 4.547074087093516226e-04
-1.910000000000000030e-07 5.110114817292741099e-04
-1.899999999999999808e-07 5.673155547491979525e-04
-1.889999999999999851e-07 6.257570400441975645e-04
-1.879999999999999894e-07 6.841985253391968513e-04
-1.869999999999999937e-07 7.426400106341962465e-04
-1.859999999999999979e-07 8.010814959291956416e-04
-1.850000000000000022e-07 8.595229812241949284e-04
-1.840000000000000065e-07 9.179644665191942152e-04
-1.829999999999999843e-07 9.764059518141953451e-04
-1.819999999999999886e-07 1.034847437109194523e-03
-1.809999999999999929e-07 1.093288922404193810e-03
-1.799999999999999971e-07 1.151730407699193097e-03
-1.790000000000000014e-07 1.222686190409180782e-03
-1.779999999999999792e-07 1.283643841877015260e-03
-1.769999999999999835e-07 1.344601493344848003e-03
-1.759999999999999878e-07 1.405559144812680746e-03
-1.749999999999999921e-07 1.466516796280513705e-03
-1.739999999999999964e-07 1.527474447748346665e-03
-1.730000000000000006e-07 1.588432099216179191e-03
-1.720000000000000049e-07 1.649389750684012151e-03
-1.709999999999999827e-07 1.710347402151846628e-03
-1.699999999999999870e-07 1.771305053619679371e-03
-1.689999999999999913e-07 1.844052912260463022e-03
-1.679999999999999956e-07 1.910949979576524608e-03
-1.669999999999999999e-07 1.977847046892585760e-03
-1.660000000000000041e-07 2.044744114208647129e-03
-1.650000000000000084e-07 2.111641181524708064e-03
-1.639999999999999862e-07 2.178538248840771602e-03
-1.629999999999999905e-07 2.245435316156832971e-03
-1.619999999999999948e-07 2.312332383472894340e-03
-1.609999999999999991e-07 2.379229450788955709e-03
-1.600000000000000033e-07 2.446126518105017078e-03
-1.589999999999999812e-07 2.521473662942083811e-03
-1.580000000000000119e-07 2.596820807779144907e-03
-1.569999999999999897e-07 2.672167952616209905e-03
-1.559999999999999940e-07 2.747515097453272735e-03
-1.549999999999999983e-07 2.822862242290335565e-03
-1.540000000000000026e-07 2.898209387127398395e-03
-1.530000000000000068e-07 2.973556531964461659e-03
-1.519999999999999847e-07 3.048903676801526658e-03
-1.509999999999999889e-07 3.124250821638589488e-03
-1.499999999999999932e-07 3.199597966475652318e-03
-1.489999999999999975e-07 3.301590673739396384e-03
-1.480000000000000018e-07 3.385870320282469408e-03
-1.470000000000000061e-07 3.470149966825542432e-03
-1.460000000000000103e-07 3.554429613368613721e-03
-1.449999999999999881e-07 3.638709259911690214e-03
-1.439999999999999924e-07 3.722988906454762804e-03
-1.429999999999999967e-07 3.807268552997835828e-03
-1.420000000000000010e-07 3.891548199540908418e-03
-1.410000000000000053e-07 3.975827846083981008e-03
-1.399999999999999831e-07 4.060107492627055767e-03
-1.390000000000000138e-07 4.160425775685904978e-03
-1.379999999999999916e-07 4.260744058744762863e-03
-1.369999999999999959e-07 4.361062341803617279e-03
-1.360000000000000002e-07 4.461380624862473429e-03
-1.350000000000000045e-07 4.561698907921328712e-03
-1.340000000000000088e-07 4.662017190980183995e-03
-1.329999999999999866e-07 4.762335474039042747e-03
-1.320000000000000173e-07 4.862653757097895428e-03
-1.309999999999999951e-07 4.962972040156753313e-03
-1.299999999999999994e-07 5.063290323215609463e-03
-1.290000000000000037e-07 5.209723188820450032e-03
-1.280000000000000080e-07 5.325886343283752281e-03
-1.270000000000000123e-07 5.442049497747050192e-03
-1.259999999999999901e-07 5.558212652210353308e-03
-1.250000000000000208e-07 5.674375806673651219e-03
-1.239999999999999986e-07 5.790538961136954335e-03
-1.230000000000000029e-07 5.906702115600254849e-03
-1.220000000000000072e-07 6.022865270063555362e-03
-1.209999999999999850e-07 6.139028424526858478e-03
-1.200000000000000157e-07 6.255191578990155522e-03
-1.190000000000000068e-07 6.399349878911051934e-03
-1.179999999999999978e-07 6.543508178831954417e-03
-1.170000000000000021e-07 6.687666478752856032e-03
-1.160000000000000064e-07 6.831824778673757648e-03
-1.149999999999999974e-07 6.975983078594660998e-03
-1.140000000000000017e-07 7.120141378515561746e-03
-1.130000000000000060e-07 7.264299678436463362e-03
-1.119999999999999970e-07 7.408457978357366712e-03
-1.110000000000000013e-07 7.552616278278268327e-03
-1.100000000000000056e-07 7.696774578199169076e-03
-1.090000000000000099e-07 7.874138242256771211e-03
-1.080000000000000009e-07 8.051501906314385490e-03
-1.070000000000000052e-07 8.228865570371992830e-03
-1.060000000000000095e-07 8.406229234429603639e-03
-1.050000000000000005e-07 8.583592898487214448e-03
-1.040000000000000048e-07 8.760956562544823523e-03
-1.030000000000000091e-07 8.938320226602434332e-03
-1.020000000000000001e-07 9.115683890660045141e-03
-1.010000000000000044e-07 9.293047554717655950e-03
-1.000000000000000087e-07 9.470411218775265025e-03
-9.899999999999999976e-08 9.762446018612255111e-03
-9.800000000000000404e-08 9.976532630469905211e-03
-9.700000000000000832e-08 1.019061924232755531e-02
-9.600000000000001260e-08 1.040470585418520194e-02
-9.500000000000000364e-08 1.061879246604285378e-02
-9.400000000000000792e-08 1.083287907790050214e-02
-9.300000000000001220e-08 1.104696568975815224e-02
-9.200000000000000325e-08 1.126105230161580407e-02
-9.100000000000000753e-08 1.147513891347345071e-02
-9.000000000000001181e-08 1.168922552533110254e-02
-8.900000000000000285e-08 1.206927855309103230e-02
-8.800000000000000714e-08 1.234050985043252599e-02
-8.700000000000001142e-08 1.261174114777402662e-02
-8.600000000000000246e-08 1.288297244511552204e-02
-8.500000000000000674e-08 1.315420374245701921e-02
-8.400000000000001102e-08 1.342543503979851463e-02
-8.300000000000000207e-08 1.369666633714001353e-02
-8.200000000000000635e-08 1.396789763448150722e-02
-8.100000000000001063e-08 1.423912893182300264e-02
-8.000000000000000167e-08 1.451036022916450154e-02
-7.900000000000000595e-08 1.501068169301737060e-02
-7.800000000000001023e-08 1.535984233690048696e-02
-7.700000000000001452e-08 1.570900298078360680e-02
-7.600000000000001880e-08 1.605816362466672489e-02
-7.499999999999999661e-08 1.640732426854985340e-02
-7.400000000000000089e-08 1.675648491243297497e-02
-7.300000000000000517e-08 1.710564555631609307e-02
-7.200000000000000945e-08 1.745480620019921117e-02
-7.100000000000001373e-08 1.780396684408232927e-02
-7.000000000000001801e-08 1.815312748796545084e-02
-6.900000000000002229e-08 1.872282309384505974e-02
-6.800000000000000010e-08 1.918937994711804665e-02
-6.700000000000000438e-08 1.965593680039102314e-02
-6.600000000000000866e-08 2.012249365366400658e-02
-6.500000000000001294e-08 2.058905050693698308e-02
-6.400000000000001722e-08 2.105560736020995610e-02
-6.300000000000002150e-08 2.152216421348293607e-02
-6.199999999999999931e-08 2.198872106675592297e-02
-6.100000000000000359e-08 2.245527792002890294e-02
-6.000000000000000787e-08 2.292183477330187943e-02
-5.900000000000001215e-08 2.355255500549009728e-02
-5.800000000000001643e-08 2.418327523767831513e-02
-5.700000000000002071e-08 2.481399546986653298e-02
-5.600000000000002499e-08 2.544471570205474736e-02
-5.500000000000000281e-08 2.607543593424298256e-02
-5.400000000000000709e-08 2.670615616643119694e-02
-5.300000000000001137e-08 2.733687639861941479e-02
-5.200000000000001565e-08 2.796759663080763264e-02
-5.100000000000001993e-08 2.859831686299585049e-02
-5.000000000000002421e-08 2.922903709518406487e-02
-4.900000000000000202e-08 3.020243538529005997e-02
-4.800000000000000630e-08 3.102487442561956479e-02
-4.700000000000001058e-08 3.184731346594905227e-02
-4.600000000000001486e-08 3.266975250627855709e-02
-4.500000000000001914e-08 3.349219154660805498e-02
-4.400000000000002342e-08 3.431463058693754592e-02
-4.300000000000000123e-08 3.513706962726707156e-02
-4.200000000000000551e-08 3.595950866759656944e-02
-4.100000000000000979e-08 3.678194770792606733e-02
-4.000000000000001407e-08 3.760438674825557215e-02
-3.900000000000001835e-08 3.870912014662148543e-02
-3.800000000000002263e-08 3.981385354498743340e-02
-3.700000000000002691e-08 4.091858694335338137e-02
-3.600000000000000472e-08 4.202332034171935710e-02
-3.500000000000000900e-08 4.312805374008531201e-02
-3.400000000000001328e-08 4.423278713845125304e-02
-3.300000000000001756e-08 4.533752053681720101e-02
-3.200000000000002185e-08 4.644225393518314898e-02
-3.100000000000002613e-08 4.754698733354910389e-02
-3.000000000000000394e-08 4.865172073191507962e-02
-2.900000000000000822e-08 5.007471792201474703e-02
-2.800000000000001250e-08 5.149771511211444219e-02
-2.700000000000001678e-08 5.292071230221412348e-02
-2.600000000000002106e-08 5.434370949231381864e-02
-2.500000000000002534e-08 5.576670668241350687e-02
-2.400000000000000315e-08 5.718970387251323673e-02
-2.300000000000000743e-08 5.861270106261292495e-02
-2.200000000000001171e-08 6.003569825271262012e-02
-2.100000000000001599e-08 6.145869544281231528e-02
-2.000000000000002027e-08 6.288169263291200350e-02
-1.900000000000002455e-08 6.440224754420349751e-02
-1.800000000000002883e-08 6.617200384374195832e-02
-1.700000000000000664e-08 6.794176014328044688e-02
-1.600000000000001092e-08 6.971151644281889381e-02
-1.500000000000001520e-08 7.148127274235734074e-02
-1.400000000000001948e-08 7.325102904189580155e-02
-1.300000000000002376e-08 7.502078534143426236e-02
-1.200000000000002804e-08 7.679054164097269541e-02
-1.100000000000000585e-08 7.856029794051119786e-02
-1.000000000000001014e-08 8.033005424004964479e-02
-9.000000000000014416e-09 8.229704881604463229e-02
-8.000000000000018696e-09 8.426404339203964755e-02
-7.000000000000022977e-09 8.623103796803467669e-02
-6.000000000000027257e-09 8.819803254402971970e-02
-5.000000000000031537e-09 9.016502712002474884e-02
-4.000000000000009348e-09 9.213202169601983349e-02
-3.000000000000013629e-09 9.409901627201486263e-02
-2.000000000000017909e-09 9.606601084800989176e-02
-1.000000000000022189e-09 9.803300542400492090e-02
0.000000000000000000e+00 9.999999999999999167e-02
